version https://git-lfs.github.com/spec/v1
oid sha256:a096715ae52752b77e93f821bee5c076900c4e402886e2888c81b0bb9b824419
size 1091
